0AE9,1.66,3.28,-0.44,77,004159.850
0AE9,1.67,3.30,-0.36,86,004159.950
0AE9,1.70,3.34,-0.25,86,004160.050
0AE9,1.73,3.36,-0.17,87,004160.150
0AE9,1.75,3.38,-0.04,86,004160.250
0AE9,1.73,3.37,-0.18,82,004160.350
0AE9,1.74,3.35,-0.27,85,004160.450
0AE9,1.74,3.33,-0.33,85,004160.550
0AE9,1.72,3.31,-0.40,83,004160.650
0AE9,1.72,3.33,-0.27,86,004160.750
0AE9,1.72,3.30,-0.33,85,004160.850
0AE9,1.71,3.29,-0.44,81,004160.950
0AE9,1.72,3.29,-0.46,86,004161.050
0AE9,1.70,3.27,-0.45,85,004161.150
0AE9,1.67,3.22,-0.53,79,004161.250
0AE9,1.67,3.23,-0.55,84,004161.350
0AE9,1.66,3.21,-0.53,84,004161.450
0AE9,1.70,3.24,-0.30,87,004161.550
0AE9,1.73,3.25,-0.18,89,004161.650
0AE9,1.77,3.24,0.05,85,004161.750
0AE9,1.81,3.24,0.10,90,004161.850
0AE9,1.84,3.24,0.17,90,004161.950
0AE9,1.87,3.22,0.20,90,004162.050
0AE9,1.90,3.21,0.25,91,004162.150
0AE9,1.94,3.18,0.33,89,004162.250
0AE9,1.96,3.10,0.36,87,004162.350
0AE9,1.99,2.99,0.30,86,004162.450
0AE9,1.99,2.89,0.40,80,004162.550
0AE9,1.97,2.80,0.12,78,004162.650
0AE9,1.79,2.71,0.08,77,004162.850
0AE9,1.67,2.72,0.27,69,004162.950
0AE9,1.61,2.83,0.32,80,004163.060
0AE9,1.60,2.96,0.03,77,004163.160
0AE9,1.63,3.13,0.02,83,004163.260
0AE9,1.68,3.21,0.15,90,004163.360
0AE9,1.74,3.18,0.26,87,004163.460
0AE9,2.04,3.01,0.29,94,004163.560
0AE9,2.65,2.81,0.57,64,004163.660
0AE9,3.44,2.63,0.83,47,004163.760
0AE9,4.38,2.48,0.03,61,004163.860
0AE9,5.44,2.42,0.82,80,004163.960
0AE9,6.55,2.45,1.54,87,004164.060
0AE9,7.76,2.56,2.05,43,004164.160
0AE9,8.98,2.86,2.52,57,004164.260
0AE9,10.13,3.21,2.99,68,004164.360
0AE9,11.15,3.63,1.03,74,004164.460
0AE9,12.08,4.15,-0.47,79,004164.560
0AE9,nan,nan,nan,0,004164.660
0AE9,12.98,4.92,1.09,88,004164.760
0AE9,13.70,5.68,2.27,79,004164.860
0AE9,14.26,6.47,0.24,83,004164.960
0AE9,14.66,7.36,-1.31,62,004165.060
0AE9,14.96,8.15,-2.46,63,004165.160
0AE9,15.17,8.91,-3.24,62,004165.260
0AE9,15.24,9.68,-3.81,64,004165.360
0AE9,15.29,10.41,-1.54,66,004165.460
0AE9,15.24,11.05,-2.40,66,004165.560
0AE9,15.10,11.67,-2.95,68,004165.660
0AE9,14.86,12.28,-1.15,78,004165.760
0AE9,14.59,12.79,-1.86,73,004165.860
0AE9,14.22,13.26,-2.24,78,004165.960
0AE9,13.72,13.80,-0.93,61,004166.060
0AE9,13.22,14.19,-1.33,67,004166.160
0AE9,12.66,14.44,-0.42,77,004166.260
0AE9,11.93,14.69,0.07,77,004166.360
0AE9,11.26,14.86,-0.21,85,004166.460
0AE9,10.50,14.88,-0.33,70,004166.560
0AE9,9.66,14.85,-0.43,54,004166.660
0AE9,8.94,14.71,-0.36,60,004166.760
0AE9,8.22,14.51,-0.31,67,004166.860
0AE9,7.53,14.22,-0.20,73,004166.960
0AE9,nan,nan,nan,0,004167.060
0AE9,nan,nan,nan,0,004167.160
0AE9,nan,nan,nan,0,004167.260
0AE9,nan,nan,nan,0,004167.360
0AE9,6.39,13.46,-0.29,88,004167.460
0AE9,5.45,12.73,-0.10,81,004167.560
0AE9,4.65,12.04,-0.00,91,004167.660
0AE9,4.01,11.44,0.06,92,004167.760
0AE9,3.49,10.90,0.16,85,004167.860
0AE9,3.07,10.39,-0.01,77,004167.960
0AE9,2.69,9.97,-0.15,69,004168.060
0AE9,2.46,9.61,-0.26,70,004168.170
0AE9,2.29,9.22,-0.05,63,004168.270
0AE9,2.16,8.92,0.05,62,004168.370
0AE9,2.10,8.66,-0.09,61,004168.470
0AE9,2.09,8.42,0.03,61,004168.570
0AE9,2.14,8.23,0.18,62,004168.670
0AE9,2.21,8.08,0.08,66,004168.770
0AE9,2.23,7.85,0.25,53,004168.870
0AE9,2.26,7.63,0.28,55,004168.970
0AE9,2.25,7.33,0.36,55,004169.170
0AE9,2.25,7.23,0.39,56,004169.270
0AE9,2.23,7.15,0.45,56,004169.370
0AE9,2.22,7.07,0.42,93,004169.470
0AE9,2.21,7.05,0.40,55,004169.570
0AE9,2.21,7.00,0.35,56,004169.670
0AE9,2.20,6.97,0.38,56,004169.770
0AE9,2.17,6.85,0.57,57,004170.670
0AE9,2.15,6.89,0.57,55,004170.770
0AE9,2.12,6.85,0.56,58,004170.870
0AE9,2.04,6.82,0.56,59,004170.970
0AE9,1.96,6.71,0.51,62,004171.070
0AE9,1.88,6.62,0.24,63,004171.170
0AE9,1.98,4.80,0.47,71,004172.470
0AE9,2.25,4.19,-0.18,89,004173.070
0AE9,2.29,4.06,-0.18,92,004173.170
0AE9,2.33,3.92,0.07,88,004173.270
0AE9,2.35,3.80,0.20,91,004173.370
0AE9,2.37,3.68,0.32,91,004173.480
0AE9,2.38,3.59,0.44,90,004173.580
0AE9,2.38,3.51,0.16,91,004173.680
0AE9,2.40,3.40,-0.02,95,004173.780
0AE9,2.43,3.30,0.17,91,004173.880
0AE9,2.47,3.22,-0.03,93,004173.980
0AE9,2.49,3.15,-0.19,91,004174.080
0AE9,2.52,3.10,-0.33,91,004174.180
0AE9,2.55,3.09,-0.12,94,004174.280
0AE9,2.58,3.06,0.15,91,004174.380
0AE9,2.57,3.03,0.34,88,004174.480
0AE9,2.56,3.01,0.46,89,004174.580
0AE9,2.63,3.07,0.15,93,004174.680
0AE9,2.62,3.05,0.29,91,004174.780
0AE9,2.63,3.03,0.43,90,004174.880
0AE9,2.63,3.02,0.51,91,004174.980
0AE9,2.66,3.05,0.25,95,004175.080
0AE9,2.63,3.02,0.37,91,004175.180
0AE9,2.60,3.00,0.47,89,004175.280
0AE9,2.58,3.02,0.55,91,004175.380
0AE9,2.56,3.04,0.54,94,004175.480
0AE9,2.62,3.12,0.17,90,004175.580
