0AE9,2.76,3.33,-0.19,95,000544.240
0AE9,2.74,3.33,-0.34,91,000544.340
0AE9,2.72,3.34,-0.31,97,000544.440
0AE9,2.69,3.36,-0.30,96,000544.540
0AE9,2.68,3.36,-0.45,89,000544.640
0AE9,2.66,3.36,-0.53,92,000544.740
0AE9,2.66,3.36,-0.49,96,000544.840
0AE9,2.65,3.38,-0.41,96,000544.940
0AE9,2.67,3.37,-0.14,93,000545.040
0AE9,2.68,3.35,-0.28,93,000545.140
0AE9,2.66,3.37,-0.29,95,000545.240
0AE9,2.66,3.37,-0.34,95,000545.340
0AE9,2.65,3.36,-0.32,97,000545.440
0AE9,2.65,3.35,-0.28,97,000545.540
0AE9,2.66,3.34,-0.36,94,000545.640
0AE9,2.66,3.36,-0.44,93,000545.740
0AE9,2.67,3.35,-0.46,95,000545.840
0AE9,2.67,3.37,-0.43,96,000545.940
0AE9,2.69,3.37,-0.23,96,000546.040
0AE9,2.70,3.37,-0.26,96,000546.140
0AE9,2.72,3.37,-0.13,97,000546.240
0AE9,2.71,3.37,-0.13,97,000546.340
0AE9,2.71,3.37,-0.28,92,000546.440
0AE9,2.70,3.35,-0.27,97,000546.540
0AE9,2.67,3.32,-0.41,91,000546.640
0AE9,2.67,3.33,-0.48,93,000546.740
0AE9,2.73,3.29,-0.19,94,000546.840
0AE9,2.73,3.27,-0.31,94,000546.940
0AE9,2.77,3.28,-0.38,95,000547.040
0AE9,2.80,3.29,-0.40,97,000547.140
0AE9,2.81,3.32,-0.39,97,000547.240
0AE9,2.85,3.33,-0.40,97,000547.340
0AE9,2.87,3.32,-0.40,98,000547.440
0AE9,2.91,3.33,-0.19,97,000547.540
0AE9,2.94,3.29,-0.37,91,000547.640
0AE9,2.98,3.28,-0.50,92,000547.740
0AE9,3.00,3.20,-0.55,94,000547.840
0AE9,3.01,3.13,-0.24,94,000547.940
0AE9,2.98,3.08,-0.29,96,000548.040
0AE9,2.88,3.01,-0.04,90,000548.140
0AE9,2.82,3.05,-0.25,90,000548.240
0AE9,2.71,3.07,0.03,89,000548.340
0AE9,2.67,3.14,0.10,96,000548.440
0AE9,2.68,3.25,-0.06,93,000548.540
0AE9,2.69,3.34,0.18,88,000548.640
0AE9,2.69,3.40,-0.00,93,000548.740
0AE9,2.73,3.43,-0.17,93,000548.840
0AE9,2.86,3.34,-0.32,94,000548.940
0AE9,3.30,3.23,-0.37,83,000549.040
0AE9,4.01,3.10,-0.58,58,000549.150
0AE9,4.84,2.98,-0.09,63,000549.250
0AE9,5.77,2.93,0.36,80,000549.350
0AE9,6.74,2.91,0.85,87,000549.450
0AE9,7.89,3.06,1.09,55,000549.550
0AE9,9.12,3.27,1.30,44,000549.650
0AE9,10.15,3.56,0.43,53,000549.750
0AE9,11.13,3.91,-0.28,69,000549.850
0AE9,12.01,4.40,-0.89,81,000549.950
0AE9,12.85,4.91,-1.44,85,000550.050
0AE9,13.63,5.47,-0.31,65,000550.150
0AE9,14.27,6.06,-1.05,73,000550.250
0AE9,14.87,6.70,0.17,80,000550.350
0AE9,15.29,7.51,-0.76,34,000550.450
0AE9,15.63,8.27,-1.41,30,000550.550
0AE9,15.84,9.11,-1.95,43,000550.650
0AE9,15.99,9.83,-2.37,48,000550.750
0AE9,16.05,10.49,-2.68,55,000550.850
0AE9,15.98,11.18,-1.12,63,000550.950
0AE9,15.89,11.84,-1.73,69,000551.050
0AE9,15.70,12.43,-2.17,72,000551.150
0AE9,15.45,12.99,-2.49,77,000551.250
0AE9,15.10,13.67,-1.12,37,000551.350
0AE9,14.69,14.23,-0.15,45,000551.450
0AE9,14.23,14.72,-0.72,50,000551.550
0AE9,13.69,15.13,-1.09,61,000551.650
0AE9,13.17,15.48,-1.36,68,000551.750
0AE9,12.62,15.73,-1.47,77,000551.850
0AE9,11.90,15.92,-0.81,85,000551.950
0AE9,11.21,16.12,-0.90,81,000552.050
0AE9,10.57,16.18,-0.85,87,000552.150
0AE9,9.91,16.19,-0.77,79,000552.250
0AE9,9.20,16.13,-0.40,61,000552.350
0AE9,8.54,16.04,-0.19,95,000552.450
0AE9,7.82,15.91,-0.27,66,000552.550
0AE9,7.17,15.67,-0.08,69,000552.650
0AE9,6.63,15.37,-0.21,74,000552.750
0AE9,6.14,15.11,-0.23,77,000552.850
0AE9,5.64,14.82,0.02,58,000552.950
0AE9,5.17,14.45,0.18,55,000553.050
0AE9,4.71,14.10,0.20,57,000553.150
0AE9,4.34,13.79,0.05,59,000553.250
0AE9,3.96,13.51,0.21,61,000553.350
0AE9,3.65,13.32,-0.04,61,000553.450
0AE9,3.40,13.13,-0.22,63,000553.550
0AE9,3.20,12.98,-0.31,63,000553.650
0AE9,3.05,12.87,-0.52,75,000553.750
0AE9,2.93,12.78,-0.11,75,000553.850
0AE9,nan,nan,nan,0,000553.950
0AE9,nan,nan,nan,0,000554.060
0AE9,2.85,12.70,-0.33,78,000554.160
0AE9,2.78,12.60,-0.51,75,000554.260
0AE9,2.73,12.53,-0.66,74,000554.360
0AE9,nan,nan,nan,0,000554.460
0AE9,nan,nan,nan,0,000554.560
0AE9,2.70,12.52,-0.22,76,000554.660
0AE9,2.67,12.47,-0.47,70,000554.760
0AE9,2.64,12.49,-0.05,73,000554.860
0AE9,2.63,12.50,0.24,76,000554.960
0AE9,2.62,12.49,0.47,73,000555.060
0AE9,nan,nan,nan,0,000555.160
0AE9,nan,nan,nan,0,000555.260
0AE9,2.60,12.49,0.64,73,000555.360
0AE9,nan,nan,nan,0,000555.460
0AE9,nan,nan,nan,0,000555.560
0AE9,2.59,12.50,0.19,74,000555.660
0AE9,2.58,12.49,-0.16,71,000555.760
0AE9,2.58,12.50,0.19,70,000555.860
0AE9,nan,nan,nan,0,000555.960
0AE9,nan,nan,nan,0,000556.060
0AE9,2.58,12.50,0.44,73,000556.160
0AE9,nan,nan,nan,0,000556.260
0AE9,nan,nan,nan,0,000556.360
0AE9,2.59,12.53,0.65,70,000556.460
0AE9,2.60,12.51,0.20,73,000556.560
0AE9,2.59,12.44,-0.14,70,000556.660
0AE9,nan,nan,nan,0,000556.760
0AE9,nan,nan,nan,0,000556.860
0AE9,2.59,12.38,0.19,68,000556.960
0AE9,2.58,12.38,-0.03,56,000557.060
0AE9,2.60,12.38,0.13,56,000557.160
0AE9,2.58,12.38,0.19,56,000557.260
0AE9,2.60,12.34,0.07,91,000557.360
0AE9,2.62,12.27,-0.08,84,000557.460
0AE9,2.65,12.16,-0.17,64,000557.560
0AE9,2.68,12.03,-0.26,68,000557.660
0AE9,2.64,11.82,-0.40,71,000557.760
0AE9,2.70,11.65,-0.21,82,000557.860
0AE9,2.75,11.49,0.06,79,000557.960
