0AE9,3.43,3.52,-0.53,93,000409.070
0AE9,3.45,3.52,-0.56,94,000409.170
0AE9,3.45,3.52,-0.52,96,000409.270
0AE9,3.44,3.52,-0.59,92,000409.370
0AE9,3.45,3.54,-0.63,92,000409.470
0AE9,3.44,3.54,-0.46,98,000409.570
0AE9,3.45,3.54,-0.48,95,000409.670
0AE9,3.45,3.51,-0.28,97,000409.770
0AE9,3.46,3.52,-0.39,93,000409.870
0AE9,3.47,3.52,-0.50,91,000409.970
0AE9,3.46,3.52,-0.57,92,000410.070
0AE9,3.48,3.53,-0.58,94,000410.170
0AE9,3.49,3.54,-0.59,94,000410.270
0AE9,3.48,3.54,-0.64,91,000410.370
0AE9,3.48,3.53,-0.63,94,000410.470
0AE9,3.48,3.53,-0.56,97,000410.570
0AE9,3.47,3.53,-0.60,93,000410.670
0AE9,3.46,3.52,-0.62,94,000410.770
0AE9,3.46,3.53,-0.61,95,000410.870
0AE9,3.44,3.52,-0.33,96,000410.970
0AE9,3.46,3.53,-0.47,90,000411.070
0AE9,3.46,3.54,-0.46,96,000411.170
0AE9,3.47,3.56,-0.43,96,000411.270
0AE9,3.43,3.49,0.05,97,000411.480
0AE9,3.43,3.48,-0.11,95,000411.580
0AE9,3.43,3.47,-0.28,92,000411.680
0AE9,3.45,3.45,0.00,92,000411.780
0AE9,3.45,3.45,0.34,93,000411.980
0AE9,3.45,3.45,0.37,96,000412.080
0AE9,3.45,3.42,0.41,96,000412.180
0AE9,3.44,3.42,0.15,95,000412.280
0AE9,3.48,3.40,0.28,94,000412.380
0AE9,3.51,3.39,0.37,94,000412.480
0AE9,3.54,3.40,0.47,92,000412.580
0AE9,3.56,3.40,0.15,93,000412.680
0AE9,3.59,3.37,-0.08,93,000412.780
0AE9,3.61,3.34,0.12,94,000412.880
0AE9,3.59,3.25,-0.06,95,000412.980
0AE9,3.57,3.21,0.18,91,000413.080
0AE9,3.49,3.16,-0.10,91,000413.180
0AE9,3.43,3.20,-0.14,99,000413.280
0AE9,3.36,3.25,-0.15,99,000413.380
0AE9,3.32,3.31,-0.17,98,000413.480
0AE9,3.32,3.43,-0.30,93,000413.580
0AE9,3.39,3.54,-0.42,89,000413.680
0AE9,3.43,3.59,-0.47,92,000413.780
0AE9,3.50,3.53,-0.51,94,000413.880
0AE9,3.86,3.39,-0.55,77,000413.980
0AE9,4.58,3.26,-0.75,64,000414.080
0AE9,5.55,3.11,-1.04,79,000414.180
0AE9,6.69,2.98,-0.16,89,000414.280
0AE9,7.98,3.00,0.37,43,000414.380
0AE9,9.36,3.10,0.85,61,000414.480
0AE9,10.71,3.38,1.27,78,000414.580
0AE9,11.94,3.82,0.16,85,000414.680
0AE9,13.08,4.38,-0.86,88,000414.780
0AE9,14.12,5.01,-1.70,64,000414.880
0AE9,14.95,5.67,-2.46,73,000414.980
0AE9,15.63,6.46,-3.05,82,000415.080
0AE9,16.13,7.44,-3.48,52,000415.180
0AE9,16.64,9.41,-2.35,73,000415.380
0AE9,16.62,10.36,-0.41,71,000415.480
0AE9,16.53,11.22,1.03,75,000415.580
0AE9,16.33,12.05,2.09,79,000415.680
0AE9,15.98,12.96,2.82,85,000415.780
0AE9,15.56,13.81,3.29,58,000415.880
0AE9,15.03,14.59,1.40,53,000415.980
0AE9,14.42,15.27,0.09,58,000416.080
0AE9,nan,nan,nan,0,000416.180
0AE9,13.45,15.98,-0.58,61,000416.280
0AE9,12.55,16.47,-1.10,85,000416.380
0AE9,11.52,16.85,-0.45,45,000416.490
0AE9,10.47,17.10,-0.14,55,000416.590
0AE9,9.38,17.21,0.04,65,000416.690
0AE9,8.35,17.18,-0.05,70,000416.790
0AE9,7.45,17.00,0.23,75,000416.890
0AE9,6.50,16.69,0.37,85,000416.990
0AE9,4.57,15.78,0.15,57,000417.190
0AE9,3.78,15.24,0.05,56,000417.290
0AE9,3.01,14.74,-0.13,53,000417.390
0AE9,2.31,14.26,0.12,10,000417.490
0AE9,-0.20,12.02,0.74,75,000419.690
0AE9,-0.21,12.02,0.79,50,000419.890
0AE9,-0.20,12.00,0.73,73,000420.090
0AE9,-0.20,12.02,0.77,47,000420.190
0AE9,-0.21,12.04,0.77,56,000420.290
0AE9,-0.18,12.01,0.76,66,000420.390
0AE9,-0.22,11.98,0.72,70,000420.490
0AE9,-0.19,11.95,0.67,81,000420.590
0AE9,-0.16,11.92,0.54,97,000420.690
0AE9,-0.20,11.90,0.52,80,000420.790
0AE9,-0.19,11.87,0.53,81,000420.890
0AE9,-0.19,11.81,0.48,92,000420.990
0AE9,-0.19,11.74,0.46,91,000421.090
0AE9,-0.15,11.68,0.48,87,000421.190
0AE9,-0.12,11.60,0.47,93,000421.290
0AE9,-0.10,11.52,0.40,98,000421.390
0AE9,-0.08,11.47,0.45,87,000421.500
0AE9,-0.09,11.42,0.47,89,000421.600
0AE9,-0.09,11.35,0.47,93,000421.700
0AE9,-0.07,11.28,0.53,85,000421.800
0AE9,-0.03,11.21,0.48,96,000421.900
0AE9,-0.00,11.14,0.45,95,000422.000
0AE9,0.03,11.08,0.42,60,000422.100
0AE9,0.11,11.05,0.44,59,000422.200
0AE9,0.18,11.02,0.59,59,000422.300
0AE9,0.17,10.95,0.55,60,000422.400
0AE9,0.17,10.91,0.54,60,000422.500
0AE9,0.23,10.89,0.45,57,000422.600
0AE9,0.23,10.88,0.51,60,000422.700
0AE9,0.21,10.85,0.54,60,000422.800
0AE9,0.21,10.83,0.49,59,000422.900
0AE9,0.20,10.83,0.37,99,000423.000
0AE9,0.16,10.83,0.46,62,000423.100
0AE9,0.23,10.83,0.26,58,000423.300
0AE9,0.27,10.87,-0.07,59,000423.400
0AE9,0.28,10.83,0.09,58,000423.500
